[0]
Lat=47.64155778031244
Lon=-122.14016500000504
Alt=125.26709747314453
Yaw=0.0
MaxHSpeed=2.0
MaxVSpeed=6.0

[1]
Lat=47.64151317062048
Lon=-122.14009845868638
Alt=125.03596496582031
Yaw=90.0
MaxHSpeed=2.0
MaxVSpeed=6.0

[2]
Lat=47.64142320447625
Lon=-122.14009846092297
Alt=125.03596496582031
Yaw=0.0
MaxHSpeed=2.0
MaxVSpeed=6.0